Name		TSP	LB	UB1	UB2	UB1-t	UB2-t	B&C

n100mosA  	7785	7787	7869	7860	0.66	1.98	2
n100mosB  	7782	7741	7866	7843	0.44	1.42	2
n100mosC  	8154	8102	8279	8244	1.27	3.95	2
n100mosD  	7992	7985	8110	8100	1.10	3.18	2
n100mosE  	7933	7943	8129	8105	0.93	2.58	2
n100mosF  	7918	7875	7941	7941	0.77	1.43	1
n100mosG  	8003	8026	8104	8080	0.66	1.86	2
n100mosH  	7836	7811	7923	7923	0.44	1.48	1
n100mosI  	7952	7976	8080	8080	0.38	1.26	1
n100mosJ  	7817	7706	7897	7872	0.44	3.13	2
n100q10A  	7785	11153	12111	12042	4.34	18.57	2
n100q10B  	7782	12381	13319	13172	7.25	31.31	2
n100q10C  	8154	13351	14291	14063	5.05	25.65	3
n100q10D  	7992	13795	14679	14490	9.23	44.71	5
n100q10E  	7933	11183	11916	11546	4.39	9.06	2
n100q10F  	7918	11046	12021	12021	5.16	14.28	1
n100q10G  	8003	11317	12295	12170	3.19	30.43	5
n100q10H  	7836	12125	13235	13056	6.20	39.10	4
n100q10I  	7952	13393	14364	14191	4.83	11.75	2
n100q10J  	7817	12387	13597	13439	8.29	68.98	5
n100q15A  	7785	9047	9605	9605	3.29	13.89	1
n100q15B  	7782	9859	10848	10756	6.37	44.49	4
n100q15C  	8154	10466	11498	11422	6.70	33.83	3
n100q15D  	7992	10900	11993	11993	7.25	18.51	1
n100q15E  	7933	9402	9953	9876	2.09	16.42	3
n100q15F  	7918	9207	9826	9826	3.40	13.40	1
n100q15G  	8003	9352	10016	9850	2.81	30.71	3
n100q15H  	7836	9936	10900	10897	5.49	20.54	2
n100q15I  	7952	10630	11595	11084	4.95	20.38	5
n100q15J  	7817	10034	11177	11177	6.87	16.32	1
n100q20A  	7785	8350	8836	8768	1.42	12.52	2
n100q20B  	7782	8913	9676	9629	3.51	26.03	3
n100q20C  	8154	9430	10099	10099	4.06	11.04	1
n100q20D  	7992	9548	10464	10464	4.73	16.37	1
n100q20E  	7933	8562	8973	8929	1.32	13.73	3
n100q20F  	7918	8544	9105	9056	1.75	19.11	4
n100q20G  	8003	8616	9143	9022	1.87	16.98	3
n100q20H  	7836	8877	9719	9708	3.46	20.00	2
n100q20I  	7952	9548	10184	10144	3.79	21.86	3
n100q20J  	7817	9034	9966	9835	3.57	29.71	4
n100q25A  	7785	8041	8406	8343	1.26	14.56	3
n100q25B  	7782	8379	8886	8886	1.92	12.69	1
n100q25C  	8154	8871	9247	9247	2.19	10.05	1
n100q25D  	7992	8962	9532	9496	2.53	27.30	3
n100q25E  	7933	8285	8504	8488	0.77	6.64	2
n100q25F  	7918	8194	8516	8466	1.10	7.75	2
n100q25G  	8003	8347	8639	8580	1.04	17.41	4
n100q25H  	7836	8488	8918	8890	1.98	24.83	5
n100q25I  	7952	8741	9217	9217	1.92	6.32	1
n100q25J  	7817	8601	9142	9140	1.87	10.54	2
n100q30A  	7785	7969	8139	8120	0.77	7.08	2
n100q30B  	7782	8150	8500	8415	1.26	7.03	3
n100q30C  	8154	8655	9022	8947	1.37	8.34	2
n100q30D  	7992	8599	9085	8780	1.82	14.50	5
n100q30E  	7933	8076	8327	8248	0.71	6.21	2
n100q30F  	7918	8050	8439	8409	0.77	8.07	3
n100q30G  	8003	8179	8411	8287	0.66	9.94	5
n100q30H  	7836	8190	8616	8369	1.32	16.31	6
n100q30I  	7952	8534	8886	8842	1.21	8.35	2
n100q30J  	7817	8277	8629	8629	1.37	5.16	1
n100q35A  	7785	7894	8033	7992	0.38	1.97	2
n100q35B  	7782	8000	8252	8230	0.82	7.14	2
n100q35C  	8154	8499	8714	8656	0.93	13.73	3
n100q35D  	7992	8392	8574	8510	1.10	3.96	2
n100q35E  	7933	7967	8051	8027	0.49	1.87	2
n100q35F  	7918	7957	8211	8211	0.55	3.02	1
n100q35G  	8003	8130	8188	8181	0.49	1.81	2
n100q35H  	7836	8092	8356	8273	0.93	9.34	4
n100q35I  	7952	8407	8588	8581	0.77	5.33	2
n100q35J  	7817	8107	8309	8309	0.88	2.97	1
n100q40A  	7785	7871	7984	7938	0.33	2.53	2
n100q40B  	7782	7917	8191	8144	0.72	5.77	4
n100q40C  	8154	8369	8582	8441	0.71	3.41	3
n100q40D  	7992	8227	8380	8380	0.72	2.58	1
n100q40E  	7933	7923	8042	7960	0.38	1.65	3
n100q40F  	7918	7937	8089	8074	0.32	3.29	2
n100q40G  	8003	8084	8220	8183	0.38	3.24	2
n100q40H  	7836	7942	7992	7992	0.71	1.81	1
n100q40I  	7952	8313	8496	8484	0.55	3.29	2
n100q40J  	7817	8046	8281	8255	0.55	3.84	2
n100q45A  	7785	7793	7944	7944	0.33	1.37	1
n100q45B  	7782	7863	8107	8097	0.39	5.38	2
n100q45C  	8154	8221	8426	8388	0.49	5.38	3
n100q45D  	7992	8128	8240	8212	0.49	4.06	3
n100q45E  	7933	7917	8088	7956	0.33	1.60	4
n100q45F  	7918	7928	7996	7973	0.27	1.32	2
n100q45G  	8003	8054	8130	8089	0.27	1.54	2
n100q45H  	7836	7891	7965	7934	0.50	2.09	2
n100q45I  	7952	7960	8072	8072	0.44	1.49	1
n100q45J  	7817	7938	8186	8157	0.49	4.99	2
n100q1000A  	7785	7681	7813	7785	0.16	0.77	2
n100q1000B  	7782	7738	7828	7782	0.17	0.66	2
n100q1000C  	8154	8070	8195	8155	0.16	0.93	2
n100q1000D  	7992	7956	7992	7992	0.17	0.44	1
n100q1000E  	7933	7896	8001	7933	0.11	0.61	3
n100q1000F  	7918	7875	7943	7918	0.11	0.83	2
n100q1000G  	8003	7970	8051	8012	0.11	1.65	4
n100q1000H  	7836	7767	7869	7869	0.16	0.60	1
n100q1000I  	7952	7901	7976	7952	0.11	2.09	4
n100q1000J  	7817	7706	7817	7817	0.06	1.81	1
n200mosA  	10572	10528	10822	10715	4.94	18.40	4
n200mosB  	10849	10794	11063	10976	2.14	17.69	5
n200mosC  	10521	10498	10828	10652	6.59	21.81	4
n200mosD  	10834	10834	11131	11125	6.09	30.86	2
n200mosE  	10533	10416	10671	10541	5.11	19.39	5
n200mosF  	10778	10712	10868	10854	4.72	10.82	2
n200mosG  	10753	10564	10846	10844	2.80	13.89	2
n200mosH  	11155	11090	11380	11345	1.65	12.91	2
n200mosI  	10711	10664	10836	10835	3.63	9.95	2
n200mosJ  	10516	10509	10718	10648	5.60	9.22	2
n200q10A  	10572	16419	18260	18013	28.61	160.66	5
n200q10B  	10849	16659	18607	18154	30.21	65.80	3
n200q10C  	10521	15197	17305	17305	23.95	75.63	1
n200q10D  	10834	19223	21973	21565	28.35	169.77	4
n200q10E  	10533	17714	20187	20033	39.65	88.26	2
n200q10F  	10778	19136	22127	22090	48.50	133.25	2
n200q10G  	10753	16199	18052	17956	30.42	79.59	2
n200q10H  	11155	19338	22189	21995	26.64	238.65	4
n200q10I  	10711	16478	19026	18695	29.99	329.23	7
n200q10J  	10516	17655	19423	19349	35.43	178.79	4
n200q15A  	10572	13567	15458	15443	25.48	106.61	2
n200q15B  	10849	13946	15649	15172	25.43	135.66	3
n200q15C  	10521	12562	14125	13780	21.69	293.30	6
n200q15D  	10834	15086	17831	17629	38.12	156.92	3
n200q15E  	10533	14145	16334	16315	27.41	116.55	2
n200q15F  	10778	14827	17877	17631	45.25	205.80	3
n200q15G  	10753	13337	14980	14773	24.89	236.67	5
n200q15H  	11155	15279	18020	17888	46.74	290.22	5
n200q15I  	10711	13162	15651	15240	33.18	232.06	5
n200q15J  	10516	14164	16313	16141	36.42	180.10	5
n200q20A  	10572	12231	13550	13455	15.55	58.17	2
n200q20B  	10849	12157	13357	13242	17.46	70.14	2
n200q20C  	10521	11594	12412	12264	11.09	140.06	4
n200q20D  	10834	13163	15421	15387	28.40	93.38	2
n200q20E  	10533	12392	14241	14109	23.51	133.09	3
n200q20F  	10778	12890	15323	15105	29.00	142.64	4
n200q20G  	10753	12009	13406	13203	17.80	220.03	5
n200q20H  	11155	13258	15554	15518	27.13	118.53	3
n200q20I  	10711	11717	13571	13082	18.79	99.80	4
n200q20J  	10516	12415	14192	14043	23.34	163.08	3
n200q25A  	10572	11578	12735	12358	10.11	41.80	2
n200q25B  	10849	11678	12579	12244	9.33	208.11	9
n200q25C  	10521	11163	11696	11682	6.86	54.37	2
n200q25D  	10834	12304	14159	14147	19.11	99.80	2
n200q25E  	10533	11619	13016	12728	13.84	125.50	5
n200q25F  	10778	11989	13920	13765	17.80	180.48	5
n200q25G  	10753	11435	12381	12237	9.72	112.98	4
n200q25H  	11155	12385	14053	13800	17.53	149.73	4
n200q25I  	10711	11246	12567	12437	9.73	131.32	4
n200q25J  	10516	11603	12956	12855	13.45	109.02	2
n200q30A  	10572	11255	12022	11864	6.31	149.79	5
n200q30B  	10849	11198	12153	11893	6.87	73.11	4
n200q30C  	10521	10943	11390	11268	4.23	96.61	6
n200q30D  	10834	11704	13184	12818	11.53	173.84	5
n200q30E  	10533	11191	12283	12040	8.24	63.99	3
n200q30F  	10778	11402	12936	12932	12.47	84.92	2
n200q30G  	10753	11094	11881	11671	6.31	161.09	7
n200q30H  	11155	11885	13614	13386	11.75	90.96	3
n200q30I  	10711	10967	11979	11817	7.25	111.11	3
n200q30J  	10516	11219	12127	12003	7.31	31.92	2
n200q35A  	10572	11064	11619	11572	4.62	41.25	2
n200q35B  	10849	11033	11744	11614	5.16	56.08	3
n200q35C  	10521	10834	11106	11038	3.19	45.25	4
n200q35D  	10834	11392	12430	12223	7.75	87.50	3
n200q35E  	10533	10974	11881	11634	6.59	61.90	3
n200q35F  	10778	11145	12393	12180	8.57	105.79	4
n200q35G  	10753	10887	11552	11550	4.18	37.57	2
n200q35H  	11155	11655	12667	12619	8.30	97.27	3
n200q35I  	10711	10883	11540	11356	4.83	90.95	6
n200q35J  	10516	10930	11458	11338	5.49	76.62	4
n200q40A  	10572	10845	11159	11136	3.02	34.87	2
n200q40B  	10849	10958	11349	11305	3.18	23.12	2
n200q40C  	10521	10715	11051	10919	2.53	35.21	4
n200q40D  	10834	11181	12079	12002	5.55	44.55	2
n200q40E  	10533	10775	11276	11276	4.39	34.54	1
n200q40F  	10778	11022	12014	11931	6.53	83.16	4
n200q40G  	10753	10773	11253	11174	2.97	115.45	7
n200q40H  	11155	11485	12403	12234	5.71	35.98	3
n200q40I  	10711	10779	11396	11272	3.40	27.07	2
n200q40J  	10516	10746	11202	11181	3.57	79.04	3
n200q45A  	10572	10705	11017	11017	2.14	13.73	1
n200q45B  	10849	10938	11322	11179	2.41	25.81	5
n200q45C  	10521	10697	10985	10817	1.64	28.94	6
n200q45D  	10834	11046	11684	11675	3.79	28.34	2
n200q45E  	10533	10669	11009	10950	3.74	66.85	4
n200q45F  	10778	10954	11769	11599	4.84	110.13	5
n200q45G  	10753	10706	11047	10934	2.19	23.83	5
n200q45H  	11155	11359	12099	11948	4.83	95.30	5
n200q45I  	10711	10716	11061	11013	2.48	7.85	2
n200q45J  	10516	10654	11148	11021	2.59	39.11	3
n200q1000A  	10572	10519	10572	10572	0.33	3.68	1
n200q1000B  	10849	10788	10986	10920	0.50	8.40	4
n200q1000C  	10521	10492	10732	10522	0.55	9.44	7
n200q1000D  	10834	10808	10971	10835	0.50	4.34	5
n200q1000E  	10533	10405	10640	10546	0.55	7.30	4
n200q1000F  	10778	10679	10869	10805	0.49	5.54	3
n200q1000G  	10753	10549	10848	10778	0.49	7.97	3
n200q1000H  	11155	11086	11372	11181	0.44	6.87	4
n200q1000I  	10711	10606	10775	10775	0.49	4.12	1
n200q1000J  	10516	10457	10656	10599	0.55	6.26	3
n300mosA  	12789	12677	13070	12889	10.10	58.00	4
n300mosB  	13022	12900	13217	13176	5.44	45.97	4
n300mosC  	12831	12778	13156	13053	12.96	86.12	4
n300mosD  	13080	12981	13315	13151	5.22	27.58	6
n300mosE  	12667	12596	12937	12882	4.34	24.82	3
n300mosF  	13078	13012	13445	13138	10.71	47.46	8
n300mosG  	12924	12845	13216	13157	4.06	39.93	4
n300mosH  	13154	13108	13573	13357	8.41	30.16	5
n300mosI  	12998	12915	13227	13194	12.52	80.46	3
n300mosJ  	13186	13200	13517	13304	9.17	89.97	9
n300q10A  	12789	19950	23516	23244	96.12	356.24	3
n300q10B  	13022	20430	23489	23256	74.75	203.11	3
n300q10C  	12831	19372	22372	22276	68.83	491.69	4
n300q10D  	13080	21764	26530	26434	129.95	323.79	2
n300q10E  	12667	22689	28043	27931	125.78	363.27	4
n300q10F  	13078	21059	25307	25096	117.81	207.02	3
n300q10G  	12924	19915	24514	24363	118.09	255.73	3
n300q10H  	13154	19610	22938	22869	57.84	216.90	2
n300q10I  	12998	20839	25213	25157	99.47	276.39	2
n300q10J  	13186	19585	23588	23468	71.90	161.43	1
n300q15A  	12789	16367	19140	18938	83.10	260.18	4
n300q15B  	13022	16520	19362	19198	83.21	599.57	5
n300q15C  	12831	15966	18727	18587	69.42	335.70	2
n300q15D  	13080	17363	21544	21287	115.02	404.30	2
n300q15E  	12667	17556	22274	21938	150.16	393.65	2
n300q15F  	13078	16895	20694	20388	100.51	295.00	3
n300q15G  	12924	16138	20002	19833	116.44	517.89	4
n300q15H  	13154	16227	19019	18526	63.06	240.69	4
n300q15I  	12998	16437	20403	20033	123.36	353.45	3
n300q15J  	13186	15999	19094	18854	74.53	555.90	4
n300q20A  	12789	14607	16932	16830	60.03	379.32	3
n300q20B  	13022	14754	17203	16844	55.37	256.23	4
n300q20C  	12831	14321	16745	16548	42.46	330.21	3
n300q20D  	13080	15341	18546	18024	74.75	632.20	6
n300q20E  	12667	15463	19273	19130	110.13	374.60	2
n300q20F  	13078	15055	18396	18216	66.85	504.17	4
n300q20G  	12924	14650	17665	17490	73.16	318.79	2
n300q20H  	13154	14517	16995	16759	44.38	284.13	3
n300q20I  	12998	14748	18138	18048	83.76	325.05	3
n300q20J  	13186	14436	17205	17027	50.03	239.09	3
n300q25A  	12789	13823	15786	15664	34.32	103.42	2
n300q25B  	13022	14004	16021	15929	34.44	166.04	2
n300q25C  	12831	13619	15182	15010	25.49	68.55	2
n300q25D  	13080	14318	16909	16614	44.43	342.19	3
n300q25E  	12667	14402	17707	17478	67.62	195.26	2
n300q25F  	13078	14196	16800	16800	45.59	156.21	1
n300q25G  	12924	13789	16079	15877	42.57	203.39	2
n300q25H  	13154	13918	15701	15525	28.50	375.74	4
n300q25I  	12998	13844	16611	16537	49.16	208.01	2
n300q25J  	13186	13873	15837	15685	27.85	276.66	3
n300q30A  	12789	13405	14916	14645	26.75	277.54	4
n300q30B  	13022	13574	14982	14794	21.91	411.72	5
n300q30C  	12831	13219	14604	14468	17.96	190.93	2
n300q30D  	13080	13764	16009	15809	28.23	409.42	6
n300q30E  	12667	13769	16351	16259	43.22	350.53	3
n300q30F  	13078	13735	15825	15636	28.06	385.13	4
n300q30G  	12924	13434	15291	15005	29.33	169.39	4
n300q30H  	13154	13555	14767	14572	18.40	92.88	3
n300q30I  	12998	13440	15545	15379	32.74	71.24	1
n300q30J  	13186	13568	14925	14728	18.84	147.04	3
n300q35A  	12789	13187	14409	14268	18.57	243.87	4
n300q35B  	13022	13375	14446	14197	15.27	383.49	6
n300q35C  	12831	13094	13766	13578	12.63	25.32	3
n300q35D  	13080	13497	15204	14747	21.20	449.40	9
n300q35E  	12667	13408	15394	15167	28.34	192.30	3
n300q35F  	13078	13474	15087	15037	21.48	140.72	3
n300q35G  	12924	13189	14652	14398	19.06	303.03	4
n300q35H  	13154	13346	14184	13968	13.02	39.82	3
n300q35I  	12998	13242	14877	14766	22.47	151.16	3
n300q35J  	13186	13387	14507	14237	11.97	212.39	5
n300q40A  	12789	12981	13990	13670	13.02	241.18	5
n300q40B  	13022	13189	14176	13881	11.76	245.52	6
n300q40C  	12831	12940	13861	13489	7.41	105.52	5
n300q40D  	13080	13343	14698	14477	16.70	295.88	5
n300q40E  	12667	13189	14764	14616	23.90	137.04	2
n300q40F  	13078	13341	14634	14390	17.08	106.28	4
n300q40G  	12924	13101	14412	14299	13.67	199.65	3
n300q40H  	13154	13269	13885	13816	9.89	85.30	3
n300q40I  	12998	13120	14488	14396	16.36	85.90	2
n300q40J  	13186	13256	14029	13759	8.46	446.10	12
n300q45A  	12789	12883	13935	13748	9.56	132.59	4
n300q45B  	13022	13132	13881	13726	9.12	110.68	4
n300q45C  	12831	12891	13423	13293	6.37	36.30	3
n300q45D  	13080	13231	14347	14192	13.67	275.28	4
n300q45E  	12667	12951	14347	13969	16.97	621.32	10
n300q45F  	13078	13209	14396	14323	12.85	125.50	3
n300q45G  	12924	12993	14050	13986	10.93	209.38	5
n300q45H  	13154	13208	13741	13536	7.47	179.60	6
n300q45I  	12998	13063	14198	13915	13.18	161.21	5
n300q45J  	13186	13206	13728	13636	6.48	238.71	6
n300q1000A  	12789	12660	12907	12834	1.10	19.94	4
n300q1000B  	13022	12891	13160	13140	1.10	20.82	3
n300q1000C  	12831	12725	12995	12921	1.04	12.08	3
n300q1000D  	13080	12966	13264	13194	0.94	28.89	5
n300q1000E  	12667	12572	12948	12781	1.16	30.27	6
n300q1000F  	13078	13006	13264	13127	1.09	18.01	5
n300q1000G  	12924	12822	13149	13065	1.04	26.86	4
n300q1000H  	13154	13045	13423	13289	1.10	64.21	11
n300q1000I  	12998	12882	13154	13062	1.27	24.55	5
n300q1000J  	13186	13111	13372	13245	1.04	17.79	4
n400mosA  	14703	14575	15103	14890	29.82	112.49	8
n400mosB  	14871	14816	15219	15177	21.91	91.12	3
n400mosC  	14873	14773	15240	15121	23.56	168.95	5
n400mosD  	15133	15001	15451	15291	16.48	66.46	5
n400mosE  	14724	14678	15082	14937	17.14	75.85	4
n400mosF  	15030	14937	15350	15191	4.89	155.88	9
n400mosG  	14834	14751	15191	15015	7.96	57.50	6
n400mosH  	14875	14747	15301	15196	12.97	107.49	7
n400mosI  	14728	14675	15120	14989	16.26	277.04	7
n400mosJ  	14956	14883	15270	15134	22.35	73.54	3
n400q10A  	14703	25214	32020	31821	260.51	712.72	3
n400q10B  	14871	21931	25212	24883	129.08	253.27	4
n400q10C  	14873	23305	29061	29044	238.11	608.85	3
n400q10D  	15133	20943	24868	24639	110.40	662.24	5
n400q10E  	14724	21946	25868	25548	123.53	399.36	3
n400q10F  	15030	22479	27460	27215	214.98	370.36	2
n400q10G  	14834	21503	24884	24728	138.19	359.32	2
n400q10H  	14875	22029	26425	26191	178.72	401.45	5
n400q10I  	14728	24104	29306	28992	206.85	484.77	3
n400q10J  	14956	22325	26795	26607	194.60	284.02	2
n400q15A  	14703	19862	25463	25323	402.49	1034.30	3
n400q15B  	14871	17985	21373	21080	146.82	163.56	2
n400q15C  	14873	19136	24267	23983	216.90	872.05	3
n400q15D  	15133	17300	20681	20600	97.99	407.38	2
n400q15E  	14724	17903	21209	20915	144.07	173.89	2
n400q15F  	15030	18240	22641	22363	205.20	478.02	3
n400q15G  	14834	17906	20721	20614	114.36	429.51	3
n400q15H  	14875	18021	21617	21500	188.06	524.93	2
n400q15I  	14728	19012	23882	23757	256.12	1232.86	4
n400q15J  	14956	18290	21962	21795	178.51	537.17	3
n400q20A  	14703	17764	21889	21741	255.52	525.53	2
n400q20B  	14871	16476	19013	18459	102.82	201.03	4
n400q20C  	14873	17147	21072	20827	153.18	785.16	3
n400q20D  	15133	16173	18752	18443	63.33	222.07	3
n400q20E  	14724	16277	18835	18598	99.74	845.85	4
n400q20F  	15030	16626	20397	20112	132.31	529.59	4
n400q20G  	14834	16354	18864	18695	72.61	168.73	3
n400q20H  	14875	16416	19168	18882	123.53	354.87	5
n400q20I  	14728	16997	21033	20682	176.14	467.47	2
n400q20J  	14956	16636	19259	18958	116.11	130.18	1
n400q25A  	14703	16596	20246	20133	156.48	429.84	2
n400q25B  	14871	15722	17918	17647	67.89	238.65	3
n400q25C  	14873	16162	19200	19010	84.20	343.23	3
n400q25D  	15133	15595	17204	17018	37.35	514.93	7
n400q25E  	14724	15547	17836	17708	59.76	468.73	3
n400q25F  	15030	15826	18588	18309	78.60	390.03	4
n400q25G  	14834	15583	17384	16812	45.32	396.61	7
n400q25H  	14875	15699	17986	17546	68.43	162.42	2
n400q25I  	14728	16123	19314	19008	103.26	313.13	2
n400q25J  	14956	15978	18038	17868	74.42	712.05	7
n400q30A  	14703	15967	18703	18592	95.52	449.84	3
n400q30B  	14871	15345	16982	16873	38.51	262.49	2
n400q30C  	14873	15685	18097	17967	58.17	329.88	2
n400q30D  	15133	15338	16696	16402	24.44	306.81	4
n400q30E  	14724	15093	16906	16294	32.96	241.84	6
n400q30F  	15030	15441	17640	17274	43.67	265.89	3
n400q30G  	14834	15256	16919	16683	28.95	95.41	2
n400q30H  	14875	15340	17233	17106	45.47	233.33	2
n400q30I  	14728	15580	17857	17782	67.34	420.35	2
n400q30J  	14956	15397	17227	17053	46.74	202.07	2
n400q35A  	14703	15501	18001	17963	57.95	537.66	3
n400q35B  	14871	15145	16618	16435	25.21	95.90	2
n400q35C  	14873	15340	17487	17377	43.83	316.32	3
n400q35D  	15133	15202	16225	15949	17.47	125.23	4
n400q35E  	14724	14890	16280	16147	24.88	303.02	3
n400q35F  	15030	15234	16927	16599	30.70	322.36	5
n400q35G  	14834	15056	15925	15556	17.58	354.87	8
n400q35H  	14875	15109	16769	16484	31.20	257.82	5
n400q35I  	14728	15292	17241	16828	40.76	272.16	4
n400q35J  	14956	15175	16552	16369	33.39	230.25	4
n400q40A  	14703	15219	17142	16966	49.33	638.24	4
n400q40B  	14871	15018	16181	16027	17.90	127.65	3
n400q40C  	14873	15179	16817	16506	33.34	288.69	5
n400q40D  	15133	15127	15934	15691	13.29	252.00	9
n400q40E  	14724	14795	15833	15658	16.97	87.55	2
n400q40F  	15030	15144	16188	16085	23.62	70.36	2
n400q40G  	14834	14939	15838	15603	12.53	314.94	8
n400q40H  	14875	15006	15970	15936	22.13	134.68	2
n400q40I  	14728	15069	16683	16554	31.09	372.89	4
n400q40J  	14956	15022	15887	15678	23.89	622.14	9
n400q45A  	14703	15046	16545	16194	35.81	281.06	4
n400q45B  	14871	14960	15873	15590	11.86	433.75	9
n400q45C  	14873	15044	16581	16421	27.57	462.42	4
n400q45D  	15133	15095	15929	15582	11.31	179.27	6
n400q45E  	14724	14742	15550	15196	12.96	367.78	9
n400q45F  	15030	15095	16078	15972	17.47	164.12	3
n400q45G  	14834	14878	15472	15334	10.72	278.25	9
n400q45H  	14875	14933	15778	15489	16.53	409.97	7
n400q45I  	14728	14928	16289	16158	28.28	117.98	2
n400q45J  	14956	14965	15635	15465	15.43	249.63	7
n400q1000A  	14703	14565	14902	14800	1.82	38.28	5
n400q1000B  	14871	14791	15098	14933	1.70	47.13	8
n400q1000C  	14873	14721	15044	15044	1.75	19.00	1
n400q1000D  	15133	14990	15378	15202	2.04	45.81	7
n400q1000E  	14724	14642	14903	14798	1.92	27.18	5
n400q1000F  	15030	14930	15276	15058	1.81	61.57	8
n400q1000G  	14834	14742	15158	15018	1.86	74.87	8
n400q1000H  	14875	14741	15085	15085	1.92	12.35	1
n400q1000I  	14728	14667	15036	14804	2.14	32.85	8
n400q1000J  	14956	14853	15268	15015	1.76	27.90	5
n500mosA  	16390	16260	16654	16555	16.04	54.87	3
n500mosB  	16491	16370	16861	16672	30.82	109.74	7
n500mosC  	16668	16509	17045	16859	14.72	133.08	9
n500mosD  	16740	16615	17262	17093	12.96	426.61	8
n500mosE  	16476	16296	16932	16738	21.75	152.96	4
n500mosF  	16628	16535	17200	16991	23.24	80.03	6
n500mosG  	16540	16477	16868	16708	30.59	76.18	6
n500mosH  	16577	16443	17047	16987	16.54	39.55	3
n500mosI  	16383	16269	16767	16668	14.00	118.69	4
n500mosJ  	16666	16593	17076	16941	14.83	109.30	8
n500q10A  	16390	24188	29585	29536	294.40	661.96	2
n500q10B  	16491	23002	27688	27370	189.76	432.54	5
n500q10C  	16668	25316	31653	31494	382.45	558.65	2
n500q10D  	16740	24737	31808	31752	264.96	959.65	3
n500q10E  	16476	24695	31687	31555	214.98	373.82	1
n500q10F  	16628	24382	29013	28957	282.04	625.49	3
n500q10G  	16540	23171	27729	27492	198.22	277.04	2
n500q10H  	16577	26934	37668	37185	801.58	1699.67	4
n500q10I  	16383	24221	31726	31612	339.94	547.72	3
n500q10J  	16666	25153	31747	31412	444.08	952.95	4
n500q15A  	16390	19919	24466	24118	316.59	395.19	1
n500q15B  	16491	19229	22999	22889	174.72	1318.10	5
n500q15C  	16668	20669	25938	25410	412.82	1691.49	7
n500q15D  	16740	20360	25773	25642	383.10	1005.24	3
n500q15E  	16476	19991	25777	25674	343.89	867.50	3
n500q15F  	16628	20163	24612	24333	254.25	745.94	3
n500q15G  	16540	19151	22735	22537	195.64	371.73	3
n500q15H  	16577	21488	29602	29338	735.89	1037.98	1
n500q15I  	16383	20013	25804	25691	349.76	1062.81	4
n500q15J  	16666	19993	26104	25929	411.01	637.96	1
n500q20A  	16390	18108	21872	21702	203.44	374.86	1
n500q20B  	16491	17739	20636	20523	114.58	434.52	3
n500q20C  	16668	18719	23082	23034	235.03	1041.39	5
n500q20D  	16740	18717	22956	22774	222.56	1030.79	4
n500q20E  	16476	18387	23092	22775	217.12	1107.14	7
n500q20F  	16628	18281	21869	21745	187.57	743.69	3
n500q20G  	16540	17883	20759	20325	133.03	456.16	3
n500q20H  	16577	19626	26364	26250	453.96	1339.14	6
n500q20I  	16383	18864	22664	22472	276.99	410.52	2
n500q20J  	16666	18707	23088	22756	282.59	1422.13	6
n500q25A  	16390	17317	19816	19776	135.12	688.76	3
n500q25B  	16491	17094	19481	19323	76.13	513.83	4
n500q25C  	16668	17770	21017	20950	143.96	542.66	3
n500q25D  	16740	17773	21212	20998	160.16	474.89	2
n500q25E  	16476	17574	21206	20898	146.05	237.38	1
n500q25F  	16628	17477	20617	20217	125.56	238.21	1
n500q25G  	16540	17131	19500	19147	74.31	298.46	2
n500q25H  	16577	18070	23424	23181	278.69	681.52	3
n500q25I  	16383	17722	21172	21011	161.16	357.51	1
n500q25J  	16666	17874	21337	21139	184.55	319.83	2
n500q30A  	16390	16895	19173	19090	84.86	265.40	2
n500q30B  	16491	16800	18584	18534	50.37	284.84	4
n500q30C  	16668	17290	19883	19818	91.95	988.82	6
n500q30D  	16740	17361	19686	19565	86.13	876.78	3
n500q30E  	16476	17102	19738	19644	90.57	807.13	4
n500q30F  	16628	17093	19405	19272	91.12	693.55	3
n500q30G  	16540	16844	18564	18420	52.18	266.33	2
n500q30H  	16577	17652	22118	22006	183.34	660.97	3
n500q30I  	16383	17166	19850	19772	120.35	295.34	1
n500q30J  	16666	17337	19758	19523	113.04	673.22	5
n500q35A  	16390	16640	18267	18088	65.36	369.20	4
n500q35B  	16491	16613	18068	17970	36.86	189.50	3
n500q35C  	16668	16948	19450	19273	62.67	186.80	2
n500q35D  	16740	17130	19221	19139	67.94	499.98	2
n500q35E  	16476	16763	19189	19047	71.68	292.04	2
n500q35F  	16628	16849	18423	18278	64.48	119.57	2
n500q35G  	16540	16711	18093	17980	38.45	427.54	5
n500q35H  	16577	17302	20546	20372	127.38	500.81	3
n500q35I  	16383	16836	19243	19032	83.65	433.69	4
n500q35J  	16666	17026	19572	19074	87.28	286.87	4
n500q40A  	16390	16527	18047	17966	40.26	218.98	2
n500q40B  	16491	16538	17613	17161	26.03	270.95	9
n500q40C  	16668	16823	18576	18529	46.30	447.65	3
n500q40D  	16740	16925	18702	18307	51.36	763.35	6
n500q40E  	16476	16618	18471	18351	50.53	424.14	3
n500q40F  	16628	16719	18221	18101	42.73	122.81	2
n500q40G  	16540	16615	17798	17697	25.10	82.17	2
n500q40H  	16577	16980	19890	19633	99.47	187.57	2
n500q40I  	16383	16627	18481	18349	60.25	747.86	4
n500q40J  	16666	16865	18679	18446	52.57	240.63	3
n500q45A  	16390	16460	17619	17494	29.88	210.97	3
n500q45B  	16491	16480	17439	17338	19.39	276.88	5
n500q45C  	16668	16712	18271	17998	39.06	87.11	3
n500q45D  	16740	16825	18289	18055	37.57	272.76	4
n500q45E  	16476	16517	18043	17948	41.20	234.31	2
n500q45F  	16628	16650	17656	17529	32.95	80.19	3
n500q45G  	16540	16559	17397	17264	18.23	143.57	3
n500q45H  	16577	16860	19206	18813	73.54	382.00	4
n500q45I  	16383	16543	18284	18247	45.87	274.79	1
n500q45J  	16666	16748	18092	17814	36.25	326.59	5
n500q1000A  	16390	16252	16762	16470	2.97	137.21	13
n500q1000B  	16491	16343	16691	16634	3.13	51.24	3
n500q1000C  	16668	16479	16987	16903	2.86	23.23	3
n500q1000D  	16740	16609	17025	17010	2.85	30.10	2
n500q1000E  	16476	16294	16765	16689	3.30	109.25	7
n500q1000F  	16628	16502	17005	16795	3.18	77.50	7
n500q1000G  	16540	16454	16862	16597	3.40	75.09	10
n500q1000H  	16577	16430	16814	16657	3.35	34.16	4
n500q1000I  	16383	16234	16661	16511	2.75	100.74	7
n500q1000J  	16666	16559	16962	16874	2.96	69.27	4
